8_10_10 219.654402 1.566126 40.121555 0.217 50 0.450 100 0.757 200 1.080 300 1.350 400 1.690 500 1.860 600 2.000 700 2.080 750 2.180 800 2.470 900 2.500 1000
8_11_10 199.363540 1.859769 50.604744 0.210 50 0.455 100 0.813 200 1.100 300 1.390 400 1.600 500 1.700 600 1.800 700 2.040 750 2.070 800 2.210 900 2.240 1000
8_12_10 790.654525 2.051381 48.173271 0.139 50 0.258 100 0.437 200 0.557 300 0.664 400 0.785 500 0.840 600 0.888 700 0.959 750 1.000 800 1.050 900 1.060 1000
11_19_10 358742205.157950 0.000000 -358741770.805679 0.286 50 0.624 100 1.150 200 1.580 300 2.000 400 2.310 500 2.560 600 2.820 700 3.060 750 3.060 800 9026.000 900 3.400 1000
11_19_10 97.364764 1.833335 56.971148 0.286 50 0.624 100 1.150 200 1.580 300 2.000 400 2.310 500 2.560 600 2.820 700 2.920 750 3.060 800 3.260 900 3.400 1000
11_23_10 352.074233 1.388918 1.908431 0.207 50 0.341 100 0.675 200 0.973 300 1.210 400 1.310 500 1.470 600 1.560 700 1.630 750 1.730 800 1.950 900 2.200 1000
11_23_10 352.074233 1.388918 1.908431 0.207 50 0.341 100 0.675 200 0.973 300 1.210 400 1.310 500 1.470 600 1.560 700 1.630 750 1.730 800 1.950 900 2.200 1000
11_24_10 122.898540 1.359748 14.017421 0.413 50 0.735 100 1.360 200 1.900 300 2.320 400 2.760 500 3.160 600 3.510 700 3.760 750 3.820 800 4.390 900 4.570 1000
1_20_11 160.770800 1.533506 33.882153 0.252 50 0.534 100 0.995 200 1.400 300 1.740 400 2.050 500 2.360 600 2.410 700 2.560 750 2.800 800 3.060 900 3.190 1000
1_20_11 293.298192 1.237684 13.759931 0.173 50 0.378 100 0.706 200 0.982 300 1.240 400 1.490 500 1.790 600 1.940 700 2.150 750 2.200 800 2.430 900 2.670 1000
1_20_11 264.772475 1.463812 35.212387 0.174 50 0.372 100 0.702 200 0.994 300 1.240 400 1.490 500 1.690 600 1.870 700 1.980 750 2.060 800 2.220 900 2.430 1000
1_20_11 199.597527 1.710108 59.666449 0.186 50 0.389 100 0.738 200 1.060 300 1.380 400 1.580 500 1.790 600 1.990 700 2.140 750 2.180 800 2.330 900 2.390 1000
1_20_11 235.999463 1.456145 36.926102 0.173 50 0.396 100 0.761 200 1.060 300 1.340 400 1.610 500 1.810 600 2.060 700 2.180 750 2.210 800 2.390 900 2.640 1000
1_20_11 218.892339 1.723055 55.266023 0.180 50 0.388 100 0.731 200 1.030 300 1.300 400 1.520 500 1.700 600 1.880 700 2.010 750 2.040 800 2.170 900 2.310 1000
1_20_11 269.259862 1.393057 25.677930 0.178 50 0.376 100 0.722 200 1.030 300 1.280 400 1.550 500 1.740 600 1.900 700 2.010 750 2.130 800 2.270 900 2.570 1000
1_21_11 260.190559 1.536170 44.215754 0.173 50 0.361 100 0.689 200 0.971 300 1.200 400 1.430 500 1.660 600 1.830 700 1.940 750 2.050 800 2.200 900 2.250 1000
1_22_11 232.031148 1.681836 54.314480 0.168 50 0.358 100 0.708 200 0.989 300 1.310 400 1.460 500 1.700 600 1.920 700 1.900 750 1.950 800 2.130 900 2.310 1000
1_23_11 244.573454 1.566567 0.181 50 0.374 100 0.700 200 0.993 300 1.256 400 1.490 500 1.700 600 1.891 700 1.978 750 2.061 800 2.217 900 2.357 1000
1_23_11 244.573454 1.566567 0.181 50 0.374 100 0.700 200 0.993 300 1.256 400 1.490 500 1.700 600 1.891 700 1.978 750 2.061 800 2.217 900 2.357 1000
1_23_11 244.573454 1.566567 0.181 50 0.374 100 0.700 200 0.993 300 1.256 400 1.490 500 1.700 600 1.891 700 1.978 750 2.061 800 2.217 900 2.357 1000
1_23_11 244.573454 1.566567 46.540337 0.181 50 0.374 100 0.700 200 0.993 300 1.256 400 1.490 500 1.700 600 1.891 700 1.978 750 2.061 800 2.217 900 2.357 1000
1_24_11 242.053499 1.569334 46.179892 0.182 50 0.378 100 0.706 200 1.002 300 1.266 400 1.499 500 1.709 600 1.901 700 1.989 750 2.072 800 2.229 900 2.371 1000
1_25_11 252.979840 1.570253 46.788788 0.175 50 0.366 100 0.684 200 0.972 300 1.228 400 1.456 500 1.661 600 1.847 700 1.932 750 2.014 800 2.165 900 2.302 1000
1_26_11 247.969467 1.570532 46.570134 0.180 50 0.371 100 0.694 200 0.985 300 1.244 400 1.476 500 1.682 600 1.871 700 1.957 750 2.039 800 2.193 900 2.332 1000
1_27_11 249.701001 1.565847 46.398040 0.179 50 0.369 100 0.691 200 0.981 300 1.240 400 1.471 500 1.676 600 1.867 700 1.953 750 2.036 800 2.189 900 2.327 1000
1_28_11 247.496501 1.571590 47.504111 0.176 50 0.368 100 0.691 200 0.982 300 1.243 400 1.476 500 1.681 600 1.871 700 1.958 750 2.040 800 2.192 900 2.331 1000
2_9_11 2175.230698 0.138850 -1602.622654 0.100 50 0.200 100 0.400 200 0.500 300 0.600 400 0.800 500 0.900 600 1.000 700 1.500 750 2.000 800 3.000 900 4.000 1000
3_10_11 250.694849 1.567447 46.457158 0.178 50 0.368 100 0.688 200 0.978 300 1.237 400 1.468 500 1.672 600 1.859 700 1.945 750 2.029 800 2.182 900 2.320 1000
3_11_11 766374.028683 0.030601 -708257.446133 0.077 50 0.077 100 0.077 200 0.077 300 0.077 400 0.077 500 0.078 600 0.078 700 0.078 750 0.078 800 0.079 900 0.080 1000
3_21_11 413672774.789157 2.105650 -1874010.415542 0.077 50 0.077 100 0.077 200 0.077 300 0.077 400 0.077 500 0.077 600 0.077 700 0.077 750 0.077 800 0.077 900 0.077 1000
3_21_11 247.576573 1.559852 50.241091 0.155 50 0.351 100 0.679 200 0.975 300 1.240 400 1.474 500 1.683 600 1.874 700 1.962 750 2.045 800 2.201 900 2.341 1000
4_4_11 244.383641 1.577456 45.863271 0.187 50 0.380 100 0.704 200 0.995 300 1.257 400 1.489 500 1.695 600 1.884 700 1.970 750 2.053 800 2.207 900 2.347 1000
4_5_11 244.504708 1.578027 45.351686 0.190 50 0.382 100 0.705 200 0.997 300 1.256 400 1.489 500 1.695 600 1.884 700 1.970 750 2.053 800 2.207 900 2.345 1000
4_15_11 237.064698 1.571855 47.169222 0.180 50 0.380 100 0.714 200 1.010 300 1.277 400 1.519 500 1.729 600 1.923 700 2.012 750 2.097 800 2.254 900 2.396 1000
4_20_11 240.673481 1.562455 47.780570 0.173 50 0.371 100 0.703 200 0.999 300 1.265 400 1.507 500 1.717 600 1.910 700 1.999 750 2.086 800 2.242 900 2.385 1000
4_21_11 240.673481 1.562455 47.780570 0.173 50 0.371 100 0.703 200 0.999 300 1.265 400 1.507 500 1.717 600 1.910 700 1.999 750 2.086 800 2.242 900 2.385 1000
4_23_11 239.641676 1.567416 47.457065 0.177 50 0.375 100 0.707 200 1.002 300 1.268 400 1.510 500 1.720 600 1.913 700 2.001 750 2.087 800 2.243 900 2.385 1000
4_26_11 241.998503 1.562483 47.671797 0.173 50 0.370 100 0.701 200 0.996 300 1.261 400 1.502 500 1.711 600 1.904 700 1.992 750 2.079 800 2.234 900 2.376 1000
4_26_11 219.564319 1.582498 49.064168 0.184 50 0.392 100 0.742 200 1.053 300 1.331 400 1.586 500 1.806 600 2.008 700 2.100 750 2.188 800 2.349 900 2.495 1000
4_27_11 219.564319 1.582498 49.064168 0.184 50 0.392 100 0.742 200 1.053 300 1.331 400 1.586 500 1.806 600 2.008 700 2.100 750 2.188 800 2.349 900 2.495 1000
4_29_11 219.564319 1.582498 49.064168 0.184 50 0.392 100 0.742 200 1.053 300 1.331 400 1.586 500 1.806 600 2.008 700 2.100 750 2.188 800 2.349 900 2.495 1000
5_2_11 216.236430 1.587294 49.349471 0.185 50 0.395 100 0.748 200 1.062 300 1.342 400 1.599 500 1.820 600 2.023 700 2.113 750 2.203 800 2.365 900 2.512 1000
6_30_11 222.918980 1.584734 48.994240 0.184 50 0.389 100 0.735 200 1.043 300 1.318 400 1.570 500 1.787 600 1.987 700 2.078 750 2.164 800 2.324 900 2.468 1000
7_11_11 222.918980 1.584734 48.994240 0.184 50 0.389 100 0.735 200 1.043 300 1.318 400 1.570 500 1.787 600 1.987 700 2.078 750 2.164 800 2.324 900 2.468 1000
7_11_11 221.944496 1.588748 48.742101 0.187 50 0.392 100 0.738 200 1.046 300 1.323 400 1.573 500 1.790 600 1.990 700 2.078 750 2.167 800 2.326 900 2.470 1000
7_13_11 225.076506 1.587326 48.566612 0.185 50 0.389 100 0.733 200 1.038 300 1.311 400 1.562 500 1.776 600 1.972 700 2.063 750 2.149 800 2.307 900 2.452 1000
7_13_11 225.076506 1.587326 48.566612 0.185 50 0.389 100 0.733 200 1.038 300 1.311 400 1.562 500 1.776 600 1.972 700 2.063 750 2.149 800 2.307 900 2.452 1000
7_14_11 225.076506 1.587326 48.566612 0.185 50 0.389 100 0.733 200 1.038 300 1.311 400 1.562 500 1.776 600 1.972 700 2.063 750 2.149 800 2.307 900 2.452 1000
7_15_11 225.076506 1.587326 48.566612 0.185 50 0.389 100 0.733 200 1.038 300 1.311 400 1.562 500 1.776 600 1.972 700 2.063 750 2.149 800 2.307 900 2.452 1000
7_18_11 218.372276 1.588709 48.619720 0.189 50 0.397 100 0.747 200 1.057 300 1.335 400 1.590 500 1.809 600 2.009 700 2.101 750 2.190 800 2.350 900 2.495 1000
7_20_11 218.175259 1.591714 49.054971 0.187 50 0.396 100 0.746 200 1.056 300 1.334 400 1.588 500 1.808 600 2.008 700 2.099 750 2.186 800 2.347 900 2.491 1000
7_21_11 218.175259 1.591714 49.054971 0.187 50 0.396 100 0.746 200 1.056 300 1.334 400 1.588 500 1.808 600 2.008 700 2.099 750 2.186 800 2.347 900 2.491 1000
7_23_11 218.175259 1.591714 49.054971 0.187 50 0.396 100 0.746 200 1.056 300 1.334 400 1.588 500 1.808 600 2.008 700 2.099 750 2.186 800 2.347 900 2.491 1000
7_25_11 218.175259 1.591714 49.054971 0.187 50 0.396 100 0.746 200 1.056 300 1.334 400 1.588 500 1.808 600 2.008 700 2.099 750 2.186 800 2.347 900 2.491 1000
7_26_11 218.175259 1.591714 49.054971 0.187 50 0.396 100 0.746 200 1.056 300 1.334 400 1.588 500 1.808 600 2.008 700 2.099 750 2.186 800 2.347 900 2.491 1000
7_27_11 218.175259 1.591714 49.054971 0.187 50 0.396 100 0.746 200 1.056 300 1.334 400 1.588 500 1.808 600 2.008 700 2.099 750 2.186 800 2.347 900 2.491 1000
7_28_11 218.175259 1.591714 49.054971 0.187 50 0.396 100 0.746 200 1.056 300 1.334 400 1.588 500 1.808 600 2.008 700 2.099 750 2.186 800 2.347 900 2.491 1000
7_29_11 218.175259 1.591714 49.054971 0.187 50 0.396 100 0.746 200 1.056 300 1.334 400 1.588 500 1.808 600 2.008 700 2.099 750 2.186 800 2.347 900 2.491 1000
8_1_11 218.175259 1.591714 49.054971 0.187 50 0.396 100 0.746 200 1.056 300 1.334 400 1.588 500 1.808 600 2.008 700 2.099 750 2.186 800 2.347 900 2.491 1000
8_2_11 218.175259 1.591714 49.054971 0.187 50 0.396 100 0.746 200 1.056 300 1.334 400 1.588 500 1.808 600 2.008 700 2.099 750 2.186 800 2.347 900 2.491 1000
8_24_11 218.175259 1.591714 49.054971 0.187 50 0.396 100 0.746 200 1.056 300 1.334 400 1.588 500 1.808 600 2.008 700 2.099 750 2.186 800 2.347 900 2.491 1000
8_26_11 218.175259 1.591714 49.054971 0.187 50 0.396 100 0.746 200 1.056 300 1.334 400 1.588 500 1.808 600 2.008 700 2.099 750 2.186 800 2.347 900 2.491 1000
8_30_11 218.175259 1.591714 49.054971 0.187 50 0.396 100 0.746 200 1.056 300 1.334 400 1.588 500 1.808 600 2.008 700 2.099 750 2.186 800 2.347 900 2.491 1000
8_31_11 218.175259 1.591714 49.054971 0.187 50 0.396 100 0.746 200 1.056 300 1.334 400 1.588 500 1.808 600 2.008 700 2.099 750 2.186 800 2.347 900 2.491 1000
9_3_11 218.175259 1.591714 49.054971 0.187 50 0.396 100 0.746 200 1.056 300 1.334 400 1.588 500 1.808 600 2.008 700 2.099 750 2.186 800 2.347 900 2.491 1000
9_7_11 218.175259 1.591714 49.054971 0.187 50 0.396 100 0.746 200 1.056 300 1.334 400 1.588 500 1.808 600 2.008 700 2.099 750 2.186 800 2.347 900 2.491 1000
9_12_11 225.544907 1.596094 51.790336 0.168 50 0.374 100 0.719 200 1.025 300 1.302 400 1.550 500 1.762 600 1.956 700 2.046 750 2.132 800 2.288 900 2.430 1000
9_13_11 221.456417 1.592344 51.236542 0.171 50 0.380 100 0.729 200 1.040 300 1.317 400 1.570 500 1.785 600 1.985 700 2.074 750 2.161 800 2.320 900 2.464 1000
9_14_11 221.456417 1.592344 51.236542 0.171 50 0.380 100 0.729 200 1.040 300 1.317 400 1.570 500 1.785 600 1.985 700 2.074 750 2.161 800 2.320 900 2.464 1000
9_15_11 221.456417 1.592344 51.236542 0.171 50 0.380 100 0.729 200 1.040 300 1.317 400 1.570 500 1.785 600 1.985 700 2.074 750 2.161 800 2.320 900 2.464 1000
9_16_11 221.456417 1.592344 51.236542 0.171 50 0.380 100 0.729 200 1.040 300 1.317 400 1.570 500 1.785 600 1.985 700 2.074 750 2.161 800 2.320 900 2.464 1000
9_28_11 221.456417 1.592344 51.236542 0.171 50 0.380 100 0.729 200 1.040 300 1.317 400 1.570 500 1.785 600 1.985 700 2.074 750 2.161 800 2.320 900 2.464 1000
9_30_11 221.456417 1.592344 51.236542 0.171 50 0.380 100 0.729 200 1.040 300 1.317 400 1.570 500 1.785 600 1.985 700 2.074 750 2.161 800 2.320 900 2.464 1000
10_2_11 250.241154 1.452164 33.247298 0.109 50 0.327 100 0.688 200 1.011 300 1.298 400 1.560 500 1.786 600 1.992 700 2.086 750 2.177 800 2.341 900 2.490 1000
10_3_11 250.241154 1.452164 33.247298 0.109 50 0.327 100 0.688 200 1.011 300 1.298 400 1.560 500 1.786 600 1.992 700 2.086 750 2.177 800 2.341 900 2.490 1000
10_4_11 250.241154 1.452164 33.247298 0.109 50 0.327 100 0.688 200 1.011 300 1.298 400 1.560 500 1.786 600 1.992 700 2.086 750 2.177 800 2.341 900 2.490 1000
10_5_11 250.241154 1.452164 33.247298 0.109 50 0.327 100 0.688 200 1.011 300 1.298 400 1.560 500 1.786 600 1.992 700 2.086 750 2.177 800 2.341 900 2.490 1000
10_6_11 250.241154 1.452164 33.247298 0.109 50 0.327 100 0.688 200 1.011 300 1.298 400 1.560 500 1.786 600 1.992 700 2.086 750 2.177 800 2.341 900 2.490 1000
10_6_11 247.422821 1.452123 32.862707 0.112 50 0.332 100 0.697 200 1.019 300 1.309 400 1.574 500 1.801 600 2.008 700 2.103 750 2.195 800 2.360 900 2.511 1000
10_11_11 247.422821 1.452123 32.862707 0.112 50 0.332 100 0.697 200 1.019 300 1.309 400 1.574 500 1.801 600 2.008 700 2.103 750 2.195 800 2.360 900 2.511 1000
10_12_11 244.664924 1.458127 33.049209 0.115 50 0.335 100 0.701 200 1.026 300 1.317 400 1.583 500 1.810 600 2.019 700 2.112 750 2.203 800 2.370 900 2.520 1000
10_13_11 244.664924 1.458127 33.049209 0.115 50 0.335 100 0.701 200 1.026 300 1.317 400 1.583 500 1.810 600 2.019 700 2.112 750 2.203 800 2.370 900 2.520 1000
10_14_11 244.664924 1.458127 33.049209 0.115 50 0.335 100 0.701 200 1.026 300 1.317 400 1.583 500 1.810 600 2.019 700 2.112 750 2.203 800 2.370 900 2.520 1000
10_14_11 246.246062 1.460239 36.170712 0.053 50 0.324 100 0.690 200 1.015 300 1.303 400 1.562 500 1.793 600 2.000 700 2.096 750 2.186 800 2.351 900 2.501 1000
10_19_11 246.246062 1.460239 36.170712 0.053 50 0.324 100 0.690 200 1.015 300 1.303 400 1.562 500 1.793 600 2.000 700 2.096 750 2.186 800 2.351 900 2.501 1000
10_21_11 242.561143 1.460559 31.252920 0.131 50 0.350 100 0.714 200 1.039 300 1.328 400 1.594 500 1.822 600 2.031 700 2.126 750 2.218 800 2.384 900 2.535 1000
10_25_11 239.357334 1.460443 31.112248 0.133 50 0.353 100 0.722 200 1.051 300 1.340 400 1.608 500 1.838 600 2.050 700 2.146 750 2.238 800 2.406 900 2.559 1000
10_27_11 239.357334 1.460443 31.112248 0.133 50 0.353 100 0.722 200 1.051 300 1.340 400 1.608 500 1.838 600 2.050 700 2.146 750 2.238 800 2.406 900 2.559 1000
11_7_11 239.357334 1.460443 31.112248 0.133 50 0.353 100 0.722 200 1.051 300 1.340 400 1.608 500 1.838 600 2.050 700 2.146 750 2.238 800 2.406 900 2.559 1000
11_8_11 239.357334 1.460443 31.112248 0.133 50 0.353 100 0.722 200 1.051 300 1.340 400 1.608 500 1.838 600 2.050 700 2.146 750 2.238 800 2.406 900 2.559 1000
11_9_11 239.357334 1.460443 31.112248 0.133 50 0.353 100 0.722 200 1.051 300 1.340 400 1.608 500 1.838 600 2.050 700 2.146 750 2.238 800 2.406 900 2.559 1000
11_16_11 239.357334 1.460443 31.112248 0.133 50 0.353 100 0.722 200 1.051 300 1.340 400 1.608 500 1.838 600 2.050 700 2.146 750 2.238 800 2.406 900 2.559 1000
11_21_11 239.357334 1.460443 31.112248 0.133 50 0.353 100 0.722 200 1.051 300 1.340 400 1.608 500 1.838 600 2.050 700 2.146 750 2.238 800 2.406 900 2.559 1000
12_2_11 248.411243 1.452780 34.674105 0.096 50 0.318 100 0.687 200 1.011 300 1.301 400 1.566 500 1.791 600 1.998 700 2.093 750 2.185 800 2.350 900 2.499 1000
12_4_11 248.411243 1.452780 34.674105 0.096 50 0.318 100 0.687 200 1.011 300 1.301 400 1.566 500 1.791 600 1.998 700 2.093 750 2.185 800 2.350 900 2.499 1000
12_7_11 248.411243 1.452780 34.674105 0.096 50 0.318 100 0.687 200 1.011 300 1.301 400 1.566 500 1.791 600 1.998 700 2.093 750 2.185 800 2.350 900 2.499 1000
12_9_11 248.411243 1.452780 34.674105 0.096 50 0.318 100 0.687 200 1.011 300 1.301 400 1.566 500 1.791 600 1.998 700 2.093 750 2.185 800 2.350 900 2.499 1000
1_11_12 248.411243 1.452780 34.674105 0.096 50 0.318 100 0.687 200 1.011 300 1.301 400 1.566 500 1.791 600 1.998 700 2.093 750 2.185 800 2.350 900 2.499 1000
2_21_12 248.411243 1.452780 34.674105 0.096 50 0.318 100 0.687 200 1.011 300 1.301 400 1.566 500 1.791 600 1.998 700 2.093 750 2.185 800 2.350 900 2.499 1000
4_6_12 261.707559 1.438551 33.082119 0.105 50 0.313 100 0.667 200 0.981 300 1.262 400 1.518 500 1.740 600 1.944 700 2.036 750 2.126 800 2.289 900 2.435 1000
4_6_12 259.920559 1.442505 33.053769 0.106 50 0.314 100 0.672 200 0.986 300 1.268 400 1.526 500 1.745 600 1.948 700 2.041 750 2.130 800 2.294 900 2.444 1000
4_25_12 259.791096 1.440669 33.840050 0.100 50 0.309 100 0.667 200 0.984 300 1.266 400 1.525 500 1.746 600 1.950 700 2.042 750 2.132 800 2.296 900 2.444 1000
4_26_12 285.016300 1.418890 36.127725 0.069 50 0.271 100 0.612 200 0.915 300 1.185 400 1.434 500 1.646 600 1.842 700 1.930 750 2.016 800 2.174 900 2.317 1000
4_30_12 282.200633 1.421786 36.424494 0.068 50 0.271 100 0.615 200 0.922 300 1.193 400 1.442 500 1.654 600 1.850 700 1.940 750 2.027 800 2.186 900 2.329 1000
5_4_12 277.740061 1.422849 36.031183 0.072 50 0.278 100 0.624 200 0.932 300 1.207 400 1.459 500 1.673 600 1.872 700 1.962 750 2.050 800 2.210 900 2.354 1000
5_5_12 280.171422 1.423340 38.057067 0.033 50 0.271 100 0.615 200 0.921 300 1.195 400 1.445 500 1.658 600 1.855 700 1.946 750 2.032 800 2.192 900 2.337 1000
5_6_12 272.954523 1.428940 35.592750 0.077 50 0.286 100 0.635 200 0.945 300 1.223 400 1.475 500 1.691 600 1.890 700 1.982 750 2.069 800 2.229 900 2.376 1000
5_7_12 276.695789 1.417373 36.282118 0.067 50 0.275 100 0.625 200 0.934 300 1.211 400 1.465 500 1.680 600 1.881 700 1.972 750 2.060 800 2.221 900 2.369 1000
5_8_12 270.383660 1.436319 33.507124 0.096 50 0.302 100 0.650 200 0.959 300 1.234 400 1.485 500 1.702 600 1.900 700 1.990 750 2.079 800 2.239 900 2.386 1000
5_9_12 276.179437 1.421667 36.485627 0.066 50 0.276 100 0.625 200 0.935 300 1.212 400 1.464 500 1.679 600 1.878 700 1.970 750 2.058 800 2.219 900 2.365 1000
6_19_12 503.914972 2.761353 267.164634 0.099 50 0.152 100 0.325 200 0.478 300 0.615 400 0.728 500 0.835 600 0.934 700 0.979 750 1.022 800 1.102 900 0.001 1000
6_19_12 278.103125 1.426989 35.576124 0.075 50 0.281 100 0.627 200 0.933 300 1.207 400 1.456 500 1.670 600 1.867 700 1.958 750 2.045 800 2.203 900 2.347 1000
6_19_12 278.945819 1.425494 35.478717 0.073 50 0.281 100 0.627 200 0.932 300 1.205 400 1.453 500 1.667 600 1.863 700 1.954 750 2.043 800 2.202 900 2.345 1000
6_22_12 277.820672 1.423102 36.172014 0.070 50 0.276 100 0.625 200 0.932 300 1.207 400 1.458 500 1.672 600 1.870 700 1.961 750 2.049 800 2.208 900 2.354 1000
6_26_12 275.393103 1.424619 36.215341 0.069 50 0.279 100 0.629 200 0.938 300 1.213 400 1.466 500 1.682 600 1.881 700 1.971 750 2.060 800 2.220 900 2.366 1000
6_27_12 275.393103 1.424619 36.215341 0.069 50 0.279 100 0.629 200 0.938 300 1.213 400 1.466 500 1.682 600 1.881 700 1.971 750 2.060 800 2.220 900 2.366 1000
6_28_12 275.393103 1.424619 36.215341 0.069 50 0.279 100 0.629 200 0.938 300 1.213 400 1.466 500 1.682 600 1.881 700 1.971 750 2.060 800 2.220 900 2.366 1000
6_29_12 275.393103 1.424619 36.215341 0.069 50 0.279 100 0.629 200 0.938 300 1.213 400 1.466 500 1.682 600 1.881 700 1.971 750 2.060 800 2.220 900 2.366 1000
7_3_12 274.095213 1.429032 35.556084 0.077 50 0.284 100 0.634 200 0.943 300 1.218 400 1.471 500 1.687 600 1.884 700 1.974 750 2.063 800 2.223 900 2.370 1000
8_13_12 283.284895 1.424864 36.038348 0.069 50 0.274 100 0.616 200 0.921 300 1.191 400 1.437 500 1.649 600 1.844 700 1.934 750 2.019 800 2.176 900 2.320 1000
8_15_12 277.580841 1.429762 36.292049 0.071 50 0.278 100 0.624 200 0.931 300 1.208 400 1.457 500 1.669 600 1.866 700 1.956 750 2.043 800 2.202 900 2.345 1000
8_16_12 277.580841 1.429762 36.292049 0.071 50 0.278 100 0.624 200 0.931 300 1.208 400 1.457 500 1.669 600 1.866 700 1.956 750 2.043 800 2.202 900 2.345 1000
8_17_12 277.580841 1.429762 36.292049 0.071 50 0.278 100 0.624 200 0.931 300 1.208 400 1.457 500 1.669 600 1.866 700 1.956 750 2.043 800 2.202 900 2.345 1000
8_28_12 283.082373 1.424117 36.329493 0.068 50 0.273 100 0.614 200 0.919 300 1.191 400 1.438 500 1.650 600 1.845 700 1.934 750 2.020 800 2.178 900 2.321 1000
9_14_12 523.509507 0.000000 1.494549 0.001 50 0.002 100 0.001 200 0.002 300 0.001 400 0.001 500 0.001 600 0.001 700 0.001 750 0.001 800 0.001 900 0.001 1000
9_14_12 282.182563 1.428477 36.213080 0.069 50 0.275 100 0.618 200 0.922 300 1.193 400 1.440 500 1.651 600 1.847 700 1.935 750 2.020 800 2.177 900 2.321 1000
9_17_12 280.119716 1.428746 36.017649 0.070 50 0.278 100 0.622 200 0.928 300 1.199 400 1.447 500 1.660 600 1.856 700 1.944 750 2.031 800 2.190 900 2.332 1000
9_18_12 280.119716 1.428746 36.017649 0.070 50 0.278 100 0.622 200 0.928 300 1.199 400 1.447 500 1.660 600 1.856 700 1.944 750 2.031 800 2.190 900 2.332 1000
9_21_12 283.555723 1.427295 35.485829 0.076 50 0.278 100 0.619 200 0.920 300 1.191 400 1.437 500 1.647 600 1.842 700 1.931 750 2.017 800 2.173 900 2.315 1000
9_24_12 316.502271 1.310705 0.000000 0.082 50 0.287 100 0.631 200 0.936 300 1.210 400 1.458 500 1.670 600 1.866 700 1.956 750 2.042 800 2.201 900 2.343 1000
9_24_12 780.052064 1.292294 0.000000 0.039 50 0.142 100 0.314 200 0.468 300 0.605 400 0.730 500 0.837 600 0.935 700 0.980 750 1.024 800 0.001 900 1.175 1000
9_24_12 780.052064 1.292294 0.000000 0.039 50 0.142 100 0.314 200 0.468 300 0.605 400 0.730 500 0.837 600 0.935 700 0.980 750 1.024 800 0.001 900 1.175 1000
9_24_12 317.440783 1.304733 0.000000 0.075 50 0.281 100 0.627 200 0.933 300 1.208 400 1.457 500 1.672 600 1.868 700 1.958 750 2.046 800 2.198 900 2.348 1000
10_11_12 7765.894447 1.382704 0.000000 0.010 50 0.036 100 0.079 200 0.089 300 0.115 400 0.138 500 0.158 600 0.178 700 0.186 750 0.194 800 0.210 900 0.224 1000
10_11_12 520.921157 0.000000 0.000000 0.001 50 0.002 100 0.001 200 0.001 300 0.001 400 0.001 500 0.001 600 0.001 700 0.001 750 0.001 800 0.001 900 0.001 1000
10_11_12 520.921157 0.000000 0.000000 0.001 50 0.002 100 0.001 200 0.001 300 0.001 400 0.001 500 0.001 600 0.001 700 0.001 750 0.001 800 0.001 900 0.001 1000
10_11_12 2973.325074 1.376027 0.000000 0.019 50 0.070 100 0.157 200 0.176 300 0.228 400 0.275 500 0.315 600 0.355 700 0.370 750 0.387 800 0.418 900 0.447 1000
10_11_12 520.921157 0.000000 0.000000 0.001 50 0.002 100 0.001 200 0.001 300 0.001 400 0.001 500 0.001 600 0.001 700 0.001 750 0.001 800 0.001 900 0.001 1000
10_11_12 316.822409 1.304219 0.000000 0.080 50 0.284 100 0.630 200 0.937 300 1.211 400 1.458 500 1.672 600 1.870 700 1.960 750 2.048 800 2.207 900 2.353 1000
10_12_12 525.003351 0.000000 0.000000 0.001 50 0.141 100 0.314 200 0.468 300 0.522 400 0.085 500 0.001 600 0.001 700 0.001 750 0.001 800 0.001 900 0.001 1000
10_12_12 317.756803 1.299974 0.000000 0.074 50 0.279 100 0.626 200 0.934 300 1.208 400 1.458 500 1.671 600 1.871 700 1.961 750 2.048 800 2.208 900 2.353 1000
10_13_12 340.685473 1.289732 0.000000 0.063 50 0.261 100 0.590 200 0.884 300 1.147 400 1.386 500 1.591 600 1.780 700 1.866 750 1.950 800 2.105 900 2.246 1000
10_16_12 318.747879 1.302420 0.000000 0.073 50 0.280 100 0.626 200 0.931 300 1.204 400 1.454 500 1.667 600 1.864 700 1.952 750 2.040 800 2.199 900 2.344 1000
10_19_12 311.267649 1.325531 0.000000 0.101 50 0.304 100 0.646 200 0.950 300 1.221 400 1.469 500 1.681 600 1.876 700 1.965 750 2.052 800 2.210 900 2.352 1000
10_23_12 306.708079 1.327642 0.000000 0.099 50 0.304 100 0.652 200 0.960 300 1.235 400 1.484 500 1.699 600 1.896 700 1.986 750 2.071 800 2.232 900 2.373 1000
10_25_12 320.444766 1.302385 0.000000 0.076 50 0.281 100 0.626 200 0.925 300 1.199 400 1.448 500 1.660 600 1.856 700 1.945 750 2.032 800 2.191 900 2.334 1000
10_26_12 320.444766 1.302385 0.000000 0.076 50 0.281 100 0.626 200 0.925 300 1.199 400 1.448 500 1.660 600 1.856 700 1.945 750 2.032 800 2.191 900 2.334 1000
10_27_12 320.444766 1.302385 0.000000 0.076 50 0.281 100 0.626 200 0.925 300 1.199 400 1.448 500 1.660 600 1.856 700 1.945 750 2.032 800 2.191 900 2.334 1000
11_12_12 311.191420 1.336280 0.000000 0.109 50 0.312 100 0.651 200 0.951 300 1.219 400 1.464 500 1.673 600 1.866 700 1.954 750 2.040 800 2.196 900 2.338 1000
11_13_12 311.191420 1.336280 0.000000 0.109 50 0.312 100 0.651 200 0.951 300 1.219 400 1.464 500 1.673 600 1.866 700 1.954 750 2.040 800 2.196 900 2.338 1000
11_14_12 311.191420 1.336280 0.000000 0.109 50 0.312 100 0.651 200 0.951 300 1.219 400 1.464 500 1.673 600 1.866 700 1.954 750 2.040 800 2.196 900 2.338 1000
11_15_12 311.191420 1.336280 0.000000 0.109 50 0.312 100 0.651 200 0.951 300 1.219 400 1.464 500 1.673 600 1.866 700 1.954 750 2.040 800 2.196 900 2.338 1000
11_16_12 317.056882 1.300237 0.000000 0.075 50 0.281 100 0.629 200 0.934 300 1.209 400 1.461 500 1.675 600 1.873 700 1.964 750 2.051 800 2.211 900 2.356 1000
12_4_12 309.425893 1.323774 0.000000 0.097 50 0.303 100 0.649 200 0.953 300 1.227 400 1.476 500 1.690 600 1.886 700 1.976 750 2.063 800 2.221 900 2.365 1000
12_7_12 319.008758 1.298529 0.000000 0.071 50 0.276 100 0.625 200 0.930 300 1.204 400 1.454 500 1.669 600 1.866 700 1.956 750 2.044 800 2.203 900 2.348 1000
1_12_13 306.933516 1.334022 0.000000 0.001 50 0.307 100 0.651 200 0.955 300 1.228 400 1.479 500 1.691 600 1.888 700 1.977 750 2.064 800 2.223 900 2.366 1000
1_16_13 799.849786 0.086290 0.000000 0.095 50 0.001 100 0.001 200 0.001 300 0.001 400 0.001 500 0.001 600 0.001 700 0.001 750 0.001 800 0.645 900 0.949 1000
1_16_13 310.455999 1.314319 0.000000 0.095 50 0.299 100 0.647 200 0.943 300 1.227 400 1.480 500 1.692 600 1.890 700 1.981 750 2.068 800 2.229 900 2.372 1000
1_19_13 305.836046 1.325796 0.000000 0.051 50 0.307 100 0.654 200 0.961 300 1.236 400 1.488 500 1.701 600 1.898 700 1.992 750 2.080 800 2.240 900 2.384 1000
1_22_13 316.738371 1.296522 0.000000 0.073 50 0.280 100 0.626 200 0.935 300 1.211 400 1.463 500 1.680 600 1.878 700 1.969 750 2.057 800 2.217 900 2.364 1000
1_24_13 316.738371 1.296522 0.000000 0.073 50 0.280 100 0.626 200 0.935 300 1.211 400 1.463 500 1.680 600 1.878 700 1.969 750 2.057 800 2.217 900 2.364 1000
1_26_13 307.678297 1.323904 0.000000 0.050 50 0.304 100 0.651 200 0.956 300 1.230 400 1.481 500 1.696 600 1.895 700 1.984 750 2.072 800 2.231 900 2.376 1000
1_29_13 308.116317 1.324305 0.000000 0.103 50 0.307 100 0.651 200 0.957 300 1.231 400 1.480 500 1.695 600 1.892 700 1.982 750 2.069 800 2.227 900 2.373 1000
1_30_13 308.116317 1.324305 0.000000 0.103 50 0.307 100 0.651 200 0.957 300 1.231 400 1.480 500 1.695 600 1.892 700 1.982 750 2.069 800 2.227 900 2.373 1000
2_27_13 318.141580 1.303252 0.000000 0.076 50 0.282 100 0.628 200 0.932 300 1.205 400 1.455 500 1.668 600 1.865 700 1.956 750 2.042 800 2.202 900 2.346 1000
3_1_13 314.966138 1.302911 0.000000 0.078 50 0.285 100 0.633 200 0.940 300 1.215 400 1.466 500 1.681 600 1.880 700 1.971 750 2.059 800 2.220 900 2.364 1000
3_15_13 315.007415 1.302919 0.000000 0.073 50 0.281 100 0.630 200 0.939 300 1.216 400 1.468 500 1.683 600 1.880 700 1.971 750 2.059 800 2.218 900 2.364 1000
3_18_13 315.007415 1.302919 0.000000 0.073 50 0.281 100 0.630 200 0.939 300 1.216 400 1.468 500 1.683 600 1.880 700 1.971 750 2.059 800 2.218 900 2.364 1000
3_22_13 315.007415 1.302919 0.000000 0.073 50 0.281 100 0.630 200 0.939 300 1.216 400 1.468 500 1.683 600 1.880 700 1.971 750 2.059 800 2.218 900 2.364 1000
3_23_13 315.007415 1.302919 0.000000 0.073 50 0.281 100 0.630 200 0.939 300 1.216 400 1.468 500 1.683 600 1.880 700 1.971 750 2.059 800 2.218 900 2.364 1000
4_18_13 322.746734 1.307850 0.000000 0.085 50 0.287 100 0.622 200 0.923 300 1.193 400 1.436 500 1.647 600 1.841 700 1.929 750 2.015 800 2.171 900 2.314 1000
4_19_13 322.746734 1.307850 0.000000 0.085 50 0.287 100 0.622 200 0.923 300 1.193 400 1.436 500 1.647 600 1.841 700 1.929 750 2.015 800 2.171 900 2.314 1000
4_24_13 322.575060 1.306166 0.000000 0.079 50 0.284 100 0.620 200 0.922 300 1.193 400 1.439 500 1.649 600 1.843 700 1.933 750 2.017 800 2.176 900 2.315 1000
4_27_13 323.744166 1.308808 0.000000 0.080 50 0.284 100 0.619 200 0.921 300 1.191 400 1.432 500 1.642 600 1.836 700 1.924 750 2.009 800 2.165 900 2.307 1000
6_6_13 315.583157 1.345150 0.000000 0.057 50 0.316 100 0.644 200 0.939 300 1.205 400 1.443 500 1.648 600 1.839 700 1.925 750 2.009 800 2.163 900 2.302 1000
8_2_13 320.522329 1.337630 0.000000 0.113 50 0.313 100 0.637 200 0.930 300 1.193 400 1.429 500 1.634 600 1.825 700 1.911 750 1.995 800 2.147 900 2.284 1000
8_9_13 315.951772 1.342026 0.000000 0.112 50 0.313 100 0.643 200 0.940 300 1.205 400 1.444 500 1.650 600 1.841 700 1.927 750 2.012 800 2.162 900 2.304 1000
8_14_13 316.714348 1.343695 0.000000 0.117 50 0.313 100 0.644 200 0.939 300 1.202 400 1.441 500 1.646 600 1.835 700 1.922 750 2.006 800 2.159 900 2.297 1000
8_16_13 316.012413 1.349814 0.000000 0.108 50 0.321 100 0.647 200 0.940 300 1.203 400 1.440 500 1.645 600 1.833 700 1.919 750 2.003 800 2.155 900 2.293 1000
11_25_13 525.000044 0.000000 0.000000 0.054 50 0.153 100 0.316 200 0.463 300 0.594 400 0.712 500 0.814 600 0.908 700 0.951 750 0.992 800 0.020 900 0.014 1000
11_25_13 322.947207 1.335109 0.000000 0.105 50 0.306 100 0.632 200 0.924 300 1.186 400 1.423 500 1.628 600 1.816 700 1.902 750 1.986 800 2.138 900 2.274 1000
11_30_13 324.526890 1.333571 0.000000 0.107 50 0.305 100 0.630 200 0.922 300 1.182 400 1.419 500 1.621 600 1.811 700 1.897 750 1.980 800 2.131 900 2.270 1000
12_19_13 313.625040 1.344405 0.000000 0.119 50 0.320 100 0.647 200 0.949 300 1.210 400 1.450 500 1.658 600 1.846 700 1.935 750 2.019 800 2.173 900 2.315 1000
12_23_13 313.625040 1.344405 0.000000 0.119 50 0.320 100 0.647 200 0.949 300 1.210 400 1.450 500 1.658 600 1.846 700 1.935 750 2.019 800 2.173 900 2.315 1000
12_24_13 332.224627 1.326398 0.000000 0.098 50 0.295 100 0.615 200 0.906 300 1.165 400 1.397 500 1.600 600 1.781 700 1.865 750 1.954 800 2.104 900 2.241 1000
12_26_13 320.965279 1.336662 0.000000 0.109 50 0.307 100 0.636 200 0.929 300 1.191 400 1.429 500 1.635 600 1.824 700 1.910 750 1.993 800 2.146 900 2.283 1000
1_1_14 323.807203 1.336471 0.000000 0.106 50 0.305 100 0.631 200 0.923 300 1.184 400 1.421 500 1.624 600 1.812 700 1.897 750 1.979 800 2.131 900 2.270 1000
1_13_14 327.557217 1.332716 0.000000 0.097 50 0.300 100 0.623 200 0.914 300 1.175 400 1.409 500 1.613 600 1.800 700 1.885 750 1.965 800 2.118 900 2.254 1000
1_16_14 323.874058 1.330487 0.000000 0.105 50 0.303 100 0.630 200 0.923 300 1.187 400 1.423 500 1.629 600 1.819 700 1.905 750 0.001 800 2.140 900 2.280 1000
1_16_14 322.940167 1.332488 0.000000 0.104 50 0.305 100 0.632 200 0.924 300 1.187 400 1.425 500 1.630 600 1.818 700 1.905 750 1.988 800 2.141 900 2.279 1000
1_17_14 322.667140 1.331214 0.000000 0.104 50 0.304 100 0.631 200 0.924 300 1.187 400 1.427 500 1.632 600 1.820 700 1.907 750 1.991 800 2.143 900 2.282 1000
2_7_14 441.718169 0.893299 0.000000 0.098 50 0.297 100 0.618 200 0.906 300 1.164 400 1.399 500 1.600 600 1.786 700 1.870 750 1.953 800 2.104 900 1.120 1000
2_7_14 329.913730 1.332167 0.000000 0.105 50 0.300 100 0.620 200 0.910 300 1.169 400 1.402 500 1.603 600 1.790 700 1.875 750 1.957 800 2.107 900 2.243 1000
2_10_14 331.608277 1.317653 0.000000 0.096 50 0.293 100 0.614 200 0.906 300 1.166 400 1.401 500 1.605 600 1.794 700 1.882 750 1.964 800 2.116 900 2.254 1000
2_19_14 330.298505 1.310786 0.000000 0.101 50 0.282 100 0.616 200 0.909 300 1.171 400 1.408 500 1.613 600 1.803 700 1.895 750 1.979 800 2.131 900 2.269 1000
2_28_14 330.169461 1.322044 0.000000 0.099 50 0.293 100 0.618 200 0.908 300 1.170 400 1.406 500 1.609 600 1.795 700 1.883 750 1.965 800 2.119 900 2.255 1000
3_1_14 330.589691 1.334214 0.000000 0.107 50 0.301 100 0.621 200 0.909 300 1.166 400 1.399 500 1.599 600 1.785 700 1.870 750 1.952 800 2.102 900 2.238 1000
3_4_14 318.524266 1.339495 0.000000 0.113 50 0.313 100 0.640 200 0.934 300 1.198 400 1.437 500 1.641 600 1.831 700 1.917 750 2.001 800 2.155 900 2.293 1000
3_5_14 325.771133 1.332563 0.000000 0.104 50 0.302 100 0.625 200 0.918 300 1.181 400 1.417 500 1.620 600 1.803 700 1.891 750 1.976 800 2.126 900 2.265 1000
3_7_14 332.043398 1.329285 0.000000 0.104 50 0.298 100 0.618 200 0.905 300 1.164 400 1.394 500 1.597 600 1.784 700 1.870 750 1.950 800 2.102 900 2.235 1000
3_10_14 328.740109 1.332070 0.000000 0.104 50 0.300 100 0.622 200 0.911 300 1.172 400 1.407 500 1.609 600 1.796 700 1.875 750 1.963 800 2.113 900 2.250 1000
3_11_14 326.277352 1.329052 0.000000 0.102 50 0.299 100 0.625 200 0.918 300 1.179 400 1.414 500 1.619 600 1.807 700 1.893 750 1.976 800 2.128 900 2.266 1000
3_14_14 319.231335 1.331237 0.000000 0.104 50 0.305 100 0.636 200 0.932 300 1.197 400 1.438 500 1.645 600 1.835 700 1.923 750 2.007 800 2.159 900 2.301 1000
3_17_14 323.480508 1.332187 0.000000 0.107 50 0.305 100 0.631 200 0.925 300 1.185 400 1.420 500 1.629 600 1.816 700 1.903 750 1.987 800 2.136 900 2.278 1000
3_29_14 350.225504 1.322279 0.000000 0.092 50 0.280 100 0.591 200 0.869 300 1.118 400 1.345 500 1.538 600 1.718 700 1.800 750 1.879 800 2.025 900 2.158 1000
5_8_14 324.350901 1.322445 0.000000 0.096 50 0.296 100 0.619 200 0.917 300 1.189 400 1.426 500 1.632 600 1.821 700 1.909 750 1.992 800 2.144 900 2.283 1000
5_12_14 334.015886 1.333050 0.000000 0.096 50 0.296 100 0.614 200 0.901 300 1.159 400 1.390 500 1.587 600 1.774 700 1.855 750 1.938 800 2.087 900 2.222 1000
5_19_14 331.862875 1.332908 0.000000 0.101 50 0.301 100 0.619 200 0.906 300 1.163 400 1.396 500 1.596 600 1.778 700 1.866 750 1.948 800 2.097 900 2.234 1000
6_20_14 323.047901 1.341466 0.000000 0.106 50 0.304 100 0.630 200 0.923 300 1.186 400 1.422 500 1.627 600 1.814 700 1.893 750 1.977 800 2.127 900 2.267 1000
8_7_14 350.113416 1.306209 0.000000 0.001 50 0.027 100 0.566 200 0.855 300 1.111 400 1.344 500 1.545 600 1.729 700 1.815 750 1.896 800 2.046 900 2.182 1000
8_14_14 370.442213 1.293664 0.000000 0.060 50 0.246 100 0.554 200 0.829 300 1.075 400 1.298 500 1.489 600 1.666 700 1.746 750 1.824 800 1.968 900 2.101 1000
8_15_14 369.672332 1.294603 0.000000 0.062 50 0.248 100 0.554 200 0.831 300 1.077 400 1.300 500 1.491 600 1.668 700 1.748 750 1.826 800 1.971 900 2.103 1000
8_17_14 369.672332 1.294603 0.000000 0.062 50 0.248 100 0.554 200 0.831 300 1.077 400 1.300 500 1.491 600 1.668 700 1.748 750 1.826 800 1.971 900 2.103 1000
8_18_14 378.052056 1.291479 0.000000 0.060 50 0.244 100 0.545 200 0.816 300 1.059 400 1.277 500 1.466 600 1.640 700 1.720 750 1.797 800 1.941 900 2.070 1000
10_2_14 380.521144 1.276265 0.000000 0.045 50 0.230 100 0.535 200 0.809 300 1.054 400 1.274 500 1.467 600 1.643 700 1.723 750 1.802 800 1.945 900 2.076 1000
10_21_14 373.758888 1.289820 0.000000 0.056 50 0.241 100 0.548 200 0.823 300 1.069 400 1.290 500 1.480 600 1.656 700 1.736 750 1.816 800 1.960 900 2.090 1000
10_24_14 1646.243499 0.239405 0.000000 0.001 50 0.001 100 0.001 200 0.001 300 0.001 400 0.001 500 0.001 600 0.011 700 0.023 750 0.042 800 0.090 900 0.161 1000
10_24_14 388.133828 1.279138 0.000000 0.048 50 0.229 100 0.528 200 0.797 300 1.039 400 1.256 500 1.441 600 1.614 700 1.694 750 1.773 800 1.913 900 2.040 1000
10_28_14 386.827800 1.272147 0.000000 0.043 50 0.224 100 0.526 200 0.798 300 1.041 400 1.261 500 1.450 600 1.625 700 1.705 750 1.782 800 1.923 900 2.054 1000
2_6_15 386.827800 1.272147 0.000000 0.043 50 0.224 100 0.526 200 0.798 300 1.041 400 1.261 500 1.450 600 1.625 700 1.705 750 1.782 800 1.923 900 2.054 1000
2_10_15 387.237519 1.284805 0.000000 0.050 50 0.232 100 0.531 200 0.801 300 1.039 400 1.256 500 1.442 600 1.614 700 1.694 750 1.770 800 1.910 900 2.039 1000
2_13_15 388.151232 1.272486 0.000000 0.040 50 0.221 100 0.524 200 0.797 300 1.041 400 1.256 500 1.444 600 1.618 700 1.699 750 1.777 800 1.919 900 2.049 1000
2_16_15 372.088227 1.290963 0.000000 0.058 50 0.243 100 0.550 200 0.827 300 1.074 400 1.292 500 1.483 600 1.661 700 1.743 750 1.821 800 1.964 900 2.096 1000
3_4_15 372.375763 1.283144 0.000000 0.053 50 0.240 100 0.547 200 0.825 300 1.072 400 1.294 500 1.487 600 1.666 700 1.747 750 1.826 800 1.971 900 2.104 1000
4_15_15 383.435641 1.272417 0.000000 0.044 50 0.228 100 0.532 200 0.805 300 1.048 400 1.268 500 1.459 600 1.635 700 1.715 750 1.794 800 1.937 900 2.070 1000
4_21_15 377.535678 1.272654 0.000000 0.045 50 0.229 100 0.537 200 0.815 300 1.061 400 1.284 500 1.477 600 1.655 700 1.736 750 1.816 800 1.961 900 2.094 1000
5_1_15 372.458280 1.285900 0.000000 0.054 50 0.241 100 0.548 200 0.825 300 1.071 400 1.294 500 1.486 600 1.664 700 1.745 750 1.823 800 1.968 900 2.101 1000
6_4_15 391.770882 1.276417 0.000000 0.041 50 0.223 100 0.523 200 0.791 300 1.030 400 1.247 500 1.433 600 1.606 700 1.684 750 1.760 800 1.900 900 2.030 1000
6_18_15 446.179078 1.315040 0.000000 0.074 50 0.229 100 0.490 200 0.723 300 0.931 400 1.119 500 1.283 600 1.433 700 1.501 750 1.568 800 1.691 900 1.803 1000
7_21_15 452.660882 1.253898 0.000000 0.029 50 0.188 100 0.458 200 0.701 300 0.921 400 1.117 500 1.286 600 1.442 700 1.513 750 1.585 800 1.713 900 1.833 1000
